1 0
2 16
3 7
4 12
5 3
6 20
7 11
8 18
9 21
10 11
11 25
12 15
13 19
14 12
15 8
16 16
17 18
18 9
19 12
20 10
21 15
22 11
23 14
24 8
25 30
26 34
27 36
28 21
29 15
30 24
31 14
32 24
33 33
34 11
35 16
36 30
37 12
38 28
39 17
40 28
41 24
42 17
43 28
44 27
45 29
46 14
47 16
48 16
49 24
50 15
51 22
52 21
53 17
54 33
55 27
56 24
57 14
58 15
59 24
60 24
61 23
62 17
63 14
64 12
65 22
66 27
67 17
68 21
69 24
70 25
71 21
72 22
73 20
74 31
75 26
76 23
77 16
78 25
79 33
80 25
81 24
82 23
83 20
84 24
85 16
86 30
87 20
88 27
89 19
90 17
91 31
92 15
93 13
94 14
95 17
96 28
97 34
98 16
99 15
100 20
101 16
102 17
103 18
104 18
105 23
106 12
107 26
108 12
109 16
110 24
111 15
112 7
113 14
114 31
115 15
116 17
117 26
118 27
119 7
120 14
121 13
122 25
123 26
124 19
125 12
126 19
127 15
128 23
129 24
130 23
131 20
132 14
133 7
134 18
135 23
136 12
137 20
138 28
139 14
140 26
141 20
142 7
143 20
144 13
145 18
146 13
147 7
148 29
149 24
150 23
151 28
152 20
153 25
154 35
155 15
156 24
157 22
158 20
159 18
160 22
161 21
162 31
163 22
164 21
165 13
166 20
167 27
168 16
169 9
170 33
171 23
172 8
173 7
174 11
175 12
176 16
177 7
178 6
179 10
180 10
181 13
182 18
183 17
184 17
185 18
186 14
187 21
188 15
189 29
190 32
191 28
192 33
193 21
194 31
195 16
196 12
197 17
198 27
199 36
200 27
201 23
202 13
203 12
204 9
205 17
206 8
207 21
208 21
209 34
210 18
211 23
212 11
213 15
214 21
215 22
216 17
217 27
218 28
219 20
220 14
221 22
222 28
223 15
224 17
225 20
226 12
227 16
228 17
229 25
230 9
231 13
232 21
233 16
234 19
235 18
236 21
237 26
238 20
239 14
240 22
241 32
242 22
243 16
244 15
245 24
246 22
247 19
248 33
249 11
250 26
251 20
252 17
253 23
254 17
255 29
256 29
257 32
258 27
259 31
260 24
261 22
262 16
263 38
264 23
265 9
266 22
267 13
268 16
269 23
270 14
271 20
272 25
273 18
274 20
275 11
276 12
277 19
278 18
279 15
280 10
281 19
282 38
283 12
284 13
285 24
286 22
287 25
288 35
289 17
290 11
291 10
292 17
293 12
294 13
295 9
296 14
297 13
298 21
299 22
300 14
