1 35
2 15
3 15
4 35
5 55
6 35
7 45
8 25
9 15
10 25
11 25
12 35
13 25
14 25
15 45
16 75
17 65
18 75
19 85
20 95
21 55
22 65
23 75
24 105
25 75
26 105
27 85
28 65
29 65
30 95
31 85
32 75
33 75
34 85
35 75
36 95
37 105
38 65
39 95
40 90
41 85
42 65
43 75
44 85
45 85
46 105
47 75
48 85
49 85
50 85
51 75
52 85
53 95
54 85
55 95
56 85
57 85
58 95
59 85
60 85
61 125
62 105
63 65
64 95
65 80
66 70
67 95
68 95
69 85
70 125
71 95
72 85
73 75
74 105
75 85
76 105
77 75
78 75
79 105
80 85
81 85
82 105
83 75
84 95
85 105
86 85
87 75
88 95
89 95
90 65
91 95
92 95
93 95
94 85
95 105
96 85
97 115
98 95
99 85
100 75
101 65
102 105
103 115
104 95
105 115
106 105
107 105
108 85
109 95
110 95
111 85
112 95
113 85
114 95
115 75
116 95
117 85
118 95
119 95
120 85
121 85
122 105
123 95
124 105
125 105
126 85
127 105
128 95
129 85
130 125
131 75
132 85
133 75
134 85
135 95
136 95
137 65
138 115
139 75
140 85
141 95
142 95
143 75
144 75
145 95
146 95
147 85
148 85
149 95
150 95
151 85
152 85
153 85
154 85
155 85
156 95
157 90
158 95
159 85
160 85
161 95
162 110
163 105
164 95
165 85
166 105
167 105
168 95
169 115
170 95
171 75
172 85
173 85
174 115
175 95
176 75
177 95
178 95
179 95
180 95
181 105
182 75
183 95
184 110
185 95
186 95
187 85
188 85
189 95
190 95
191 75
192 95
193 75
194 85
195 85
196 115
197 65
198 85
199 75
200 95
201 95
202 100
203 95
204 80
205 85
206 125
207 85
208 105
209 75
210 95
211 55
212 105
213 95
214 85
215 95
216 85
217 85
218 95
219 95
220 115
221 85
222 75
223 95
224 85
225 115
226 85
227 95
228 85
229 105
230 75
231 95
232 95
233 85
234 85
235 85
236 95
237 85
238 95
239 85
240 65
241 95
242 95
243 95
244 85
245 85
246 75
247 95
248 85
249 105
250 75
251 105
252 105
253 85
254 85
255 85
256 115
257 75
258 95
259 105
260 95
261 95
262 75
263 85
264 105
265 105
266 85
267 65
268 85
269 95
270 95
271 95
272 95
273 85
274 95
275 105
276 85
277 75
278 95
279 95
280 105
281 95
282 95
283 95
284 115
285 115
286 95
287 85
288 95
289 105
290 115
291 85
292 95
293 105
294 85
295 85
296 95
297 85
298 75
299 95
300 95
301 95
302 85
303 105
304 90
305 95
306 125
307 100
308 105
309 95
310 95
311 105
312 75
313 85
314 75
315 95
316 95
317 105
318 95
319 105
320 105
321 95
322 95
323 75
324 85
325 110
326 95
327 95
328 95
329 105
330 95
331 105
332 85
333 95
334 85
335 85
336 75
337 95
338 85
339 75
340 105
341 105
342 95
343 95
344 85
345 85
346 95
347 85
348 75
349 95
350 95
351 95
352 85
353 95
354 115
355 85
356 85
357 85
358 115
359 95
360 95
361 95
362 105
363 105
364 85
365 75
366 95
367 85
368 85
369 95
370 115
371 90
372 85
373 105
374 85
375 105
376 65
377 115
378 105
379 105
380 95
381 85
382 95
383 105
384 105
385 75
386 115
387 115
388 105
389 95
390 85
391 90
392 85
393 95
394 95
395 95
396 95
397 95
398 95
399 85
400 115
401 105
402 85
403 85
404 105
405 95
406 115
407 105
408 105
409 85
410 95
411 95
412 95
413 85
414 85
415 75
416 95
417 85
418 75
419 105
420 105
421 85
422 95
423 85
424 95
425 85
426 75
427 85
428 95
429 95
430 95
431 75
432 85
433 95
434 85
435 115
436 105
437 85
438 85
439 85
440 105
441 105
442 75
443 85
444 85
445 105
446 95
447 85
448 85
449 85
450 115
451 95
452 85
453 75
454 125
455 75
456 75
457 85
458 85
459 75
460 85
461 95
462 95
463 105
464 95
465 105
466 85
467 85
468 85
469 105
470 95
471 105
472 105
473 85
474 95
475 95
476 75
477 100
478 95
479 105
480 105
481 95
482 75
483 95
484 95
485 105
486 95
487 85
488 105
489 85
490 105
491 105
492 85
493 105
494 75
495 105
496 85
497 85
498 90
499 105
500 95
