1 1
2 10
3 6
4 13
5 3
6 14
7 10
8 12
9 15
10 9
11 16
12 12
13 16
14 11
15 8
16 14
17 12
18 9
19 9
20 10
21 10
22 11
23 11
24 6
25 17
26 19
27 17
28 14
29 13
30 18
31 8
32 12
33 18
34 10
35 14
36 16
37 9
38 17
39 14
40 15
41 15
42 14
43 20
44 15
45 17
46 14
47 11
48 12
49 11
50 12
51 12
52 16
53 13
54 20
55 15
56 15
57 14
58 14
59 18
60 16
61 12
62 11
63 13
64 15
65 15
66 15
67 13
68 12
69 18
70 17
71 14
72 16
73 12
74 21
75 15
76 17
77 13
78 19
79 20
80 17
81 18
82 15
83 15
84 10
85 13
86 19
87 9
88 15
89 15
90 12
91 19
92 10
93 13
94 10
95 13
96 16
97 19
98 10
99 11
100 13
101 13
102 14
103 12
104 17
105 15
106 10
107 14
108 8
109 15
110 18
111 11
112 10
113 13
114 17
115 13
116 14
117 16
118 15
119 9
120 10
121 10
122 16
123 18
124 14
125 8
126 17
127 10
128 15
129 18
130 15
131 11
132 12
133 11
134 10
135 16
136 9
137 14
138 16
139 14
140 21
141 14
142 8
143 14
144 14
145 15
146 15
147 14
148 16
149 13
150 15
151 18
152 13
153 15
154 17
155 11
156 17
157 15
158 12
159 14
160 14
161 14
162 17
163 19
164 16
165 13
166 14
167 19
168 9
169 12
170 20
171 17
172 9
173 7
174 9
175 9
176 11
177 8
178 10
179 11
180 5
181 10
182 12
183 13
184 13
185 13
186 16
187 14
188 14
189 14
190 19
191 16
192 15
193 12
194 18
195 12
196 9
197 13
198 13
199 18
200 13
201 15
202 14
203 12
204 9
205 16
206 8
207 14
208 14
209 21
210 16
211 15
212 10
213 14
214 16
215 13
216 12
217 17
218 21
219 14
220 13
221 14
222 16
223 11
224 17
225 14
226 14
227 17
228 13
229 17
230 10
231 14
232 15
233 11
234 12
235 18
236 17
237 15
238 13
239 11
240 14
241 19
242 14
243 16
244 10
245 12
246 14
247 10
248 20
249 12
250 15
251 13
252 12
253 15
254 12
255 15
256 13
257 14
258 16
259 14
260 17
261 15
262 11
263 15
264 13
265 9
266 14
267 11
268 14
269 14
270 7
271 11
272 11
273 10
274 15
275 10
276 9
277 16
278 13
279 12
280 11
281 14
282 23
283 10
284 9
285 12
286 11
287 11
288 17
289 9
290 8
291 12
292 10
293 11
294 9
295 6
296 12
297 10
298 13
299 18
300 10
